 1   3   1.77778 
 1   4   4.00000 
 1   5   2.56000 
 1   6   4.00000 
 1   7   2.93878 
 1   8   4.00000 
 1   9   3.16049 
 1   10  4.00000 
 1   11  3.30579 
 1   12  4.00000 
 1   13  3.40828 
 1   14  4.00000 
 1   15  3.48444 
 1   16  4.00000 
 1   17  3.54325 
 1   18  4.00000 
 1   19  3.59003 
 2   3   2.21362 
 2   4   3.93118 
 2   5   3.14941 
 2   6   4.22457 
 2   7   3.59394 
 2   8   4.37212 
 2   9   3.85185 
 2   10  4.46074 
 2   11  3.49529 
 2   12  3.39848 
 2   13  3.69471 
 2   14  3.59457 
 2   15  3.84152 
 2   16  3.74282 
 2   17  3.95418 
 2   18  3.85887 
 2   19  4.04340 
 3   3   2.18023 
 3   4   4.17971 
 3   5   3.09408 
 3   6   3.03551 
 3   7   2.97890 
 3   8   3.43936 
 3   9   3.35404 
 3   10  3.68603 
 3   11  2.99269 
 3   12  3.52166 
 3   13  3.24515 
 3   14  3.68647 
 3   15  3.43299 
 3   16  3.81123 
 3   17  3.27130 
 3   18  3.46766 
 3   19  3.41903 
 4   3   2.18530 
 4   4   3.89241 
 4   5   2.58567 
 4   6   3.31185 
 4   7   3.17766 
 4   8   3.66098 
 4   9   3.04875 
 4   10  3.61697 
 4   11  3.34274 
 4   12  3.80043 
 4   13  3.28480 
 4   14  3.56777 
 4   15  3.47433 
 4   16  3.71048 
 4   17  3.37515 
 4   18  3.68075 
 4   19  3.51370 
 5   3   2.18437 
 5   4   3.19934 
 5   5   2.73653 
 5   6   3.69620 
 5   7   2.87822 
 5   8   3.72928 
 5   9   3.26794 
 5   10  3.92463 
 5   11  3.30238 
 5   12  3.76278 
 5   13  3.31156 
 5   14  3.31814 
 5   15  3.30724 
 5   16  3.48896 
 5   17  3.46907 
 5   18  3.42850 
 5   19  3.47060 
 6   3   2.18456 
 6   4   3.24570 
 6   5   2.83415 
 6   6   3.73277 
 6   7   3.05666 
 6   8   3.81928 
 6   9   3.16071 
 6   10  3.24314 
 6   11  3.27668 
 6   12  3.48480 
 6   13  3.33985 
 6   14  3.56771 
 6   15  3.52016 
 6   16  3.55121 
 6   17  3.30152 
 6   18  3.54075 
 6   19  3.34143 
 7   3   1.82334 
 7   4   3.53834 
 7   5   2.89729 
 7   6   3.76914 
 7   7   2.90187 
 7   8   3.50583 
 7   9   3.14103 
 7   10  3.55056 
 7   11  3.42307 
 7   12  3.66184 
 7   13  3.24281 
 7   14  3.66907 
 7   15  3.34246 
 7   16  3.67733 
 7   17  3.50109 
 7   18  3.73774 
 7   19  3.41043 
 8   3   1.90022 
 8   4   3.50422 
 8   5   2.94123 
 8   6   3.24708 
 8   7   3.02667 
 8   8   3.60947 
 8   9   3.27185 
 8   10  3.67725 
 8   11  3.28757 
 8   12  3.65263 
 8   13  3.40905 
 8   14  3.39976 
 8   15  3.39327 
 8   16  3.36280 
 8   17  3.35251 
 8   18  3.46862 
 8   19  3.49404 
 9   3   1.95516 
 9   4   3.68925 
 9   5   2.70698 
 9   6   3.48814 
 9   7   3.11906 
 9   8   3.79227 
 9   9   3.12751 
 9   10  3.36850 
 9   11  3.17990 
 9   12  3.53848 
 9   13  3.41040 
 9   14  3.43053 
 9   15  3.40607 
 9   16  3.58849 
 9   17  3.50233 
 9   18  3.60561 
 9   19  3.46834 
 10  3   1.99571 
 10  4   3.63443 
 10  5   2.77130 
 10  6   3.54203 
 10  7   3.18955 
 10  8   3.32948 
 10  9   3.08452 
 10  10  3.49279 
 10  11  3.30308 
 10  12  3.65266 
 10  13  3.34621 
 10  14  3.57510 
 10  15  3.52715 
 10  16  3.58999 
 10  17  3.35971 
 10  18  3.65287 
 10  19  3.46140 
 11  3   2.02645 
 11  4   3.30494 
 11  5   2.82168 
 11  6   3.70107 
 11  7   3.06664 
 11  8   3.40340 
 11  9   3.18795 
 11  10  3.66232 
 11  11  3.39999 
 11  12  3.64763 
 11  13  3.28374 
 11  14  3.42578 
 11  15  3.28710 
 11  16  3.50070 
 11  17  3.41297 
 11  18  3.58748 
 11  19  3.35962 
 12  3   2.05030 
 12  4   3.31164 
 12  5   2.75189 
 12  6   3.33731 
 12  7   2.94830 
 12  8   3.49015 
 12  9   3.27139 
 12  10  3.69768 
 12  11  3.27121 
 12  12  3.41052 
 12  13  3.30187 
 12  14  3.48730 
 12  15  3.36571 
 12  16  3.61676 
 12  17  3.43315 
 12  18  3.48399 
 12  19  3.48200 
 13  3   2.06915 
 13  4   3.46748 
 13  5   2.60068 
 13  6   3.49616 
 13  7   3.02432 
 13  8   3.63635 
 13  9   3.21758 
 13  10  3.33961 
 13  11  3.20334 
 13  12  3.56514 
 13  13  3.39740 
 13  14  3.63528 
 13  15  3.37710 
 13  16  3.62521 
 13  17  3.47611 
 13  18  3.56737 
 13  19  3.41492 
 14  3   2.08431 
 14  4   3.45364 
 14  5   2.66100 
 14  6   3.53297 
 14  7   3.08709 
 14  8   3.41226 
 14  9   3.28343 
 14  10  3.43649 
 14  11  3.29169 
 14  12  3.60298 
 14  13  3.40414 
 14  14  3.41871 
 14  15  3.27820 
 14  16  3.41930 
 14  17  3.37258 
 14  18  3.53179 
 14  19  3.43575 
 15  3   2.09668 
 15  4   3.57358 
 15  5   2.71144 
 15  6   3.65175 
 15  7   3.00711 
 15  8   3.54555 
 15  9   3.19625 
 15  10  3.57104 
 15  11  3.36601 
 15  12  3.53556 
 15  13  3.19755 
 15  14  3.48301 
 15  15  3.37203 
 15  16  3.55499 
 15  17  3.46445 
 15  18  3.61329 
 15  19  3.46411 
 16  3   1.93373 
 16  4   3.54969 
 16  5   2.75398 
 16  6   3.29738 
 16  7   3.06221 
 16  8   3.59639 
 16  9   3.18608 
 16  10  3.43156 
 16  11  3.34757 
 16  12  3.49682 
 16  13  3.28663 
 16  14  3.56898 
 16  15  3.40894 
 16  16  3.63989 
 16  17  3.47601 
 16  18  3.57304 
 16  19  3.34966 
 17  3   1.96059 
 17  4   3.33421 
 17  5   2.79013 
 17  6   3.42469 
 17  7   3.07156 
 17  8   3.62069 
 17  9   3.15391 
 17  10  3.54929 
 17  11  3.28483 
 17  12  3.50619 
 17  13  3.36345 
 17  14  3.66377 
 17  15  3.42742 
 17  16  3.47683 
 17  17  3.34464 
 17  18  3.51738 
 17  19  3.43724 
 18  3   1.98340 
 18  4   3.33537 
 18  5   2.67622 
 18  6   3.46023 
 18  7   3.11647 
 18  8   3.44673 
 18  9   3.21288 
 18  10  3.53443 
 18  11  3.27668 
 18  12  3.42093 
 18  13  3.36879 
 18  14  3.59181 
 18  15  3.27132 
 18  16  3.50492 
 18  17  3.38977 
 18  18  3.59886 
 18  19  3.47312 
 19  3   2.00293 
 19  4   3.44157 
 19  5   2.71458 
 19  6   3.56144 
 19  7   3.04998 
 19  8   3.55034 
 19  9   3.26443 
 19  10  3.45933 
 19  11  3.26842 
 19  12  3.52837 
 19  13  3.42981 
 19  14  3.48767 
 19  15  3.34831 
 19  16  3.58870 
 19  17  3.46285 
 19  18  3.53495 
 19  19  3.44771 